0.702702702703
0.721088435374
0.68275862069
0.652777777778
0.65034965035
0.661971830986
0.659574468085
0.0863309352518
0.514492753623
0.474452554745
0.426470588235
0.251851851852
0.126865671642
0.473684210526
0.318181818182
0.320610687023
0.0615384615385
0.100775193798
0.109375
0.0866141732283
0.0952380952381
0.16
0.153225806452
0.138211382114
0.122950819672
0.140495867769
0.125
0.117647058824
0.101694915254
0.0940170940171
0.163793103448
0.15652173913
0.140350877193
0.12389380531
0.125
0.135135135135
0.145454545455
0.146788990826
0.148148148148
0.0841121495327
0.122641509434
0.114285714286
0.105769230769
0.145631067961
0.127450980392
0.148514851485
0.12
0.111111111111
0.142857142857
0.134020618557
0.135416666667
0.136842105263
0.13829787234
0.150537634409
0.0652173913043
0.0659340659341
0.1
0.0786516853933
0.102272727273
0.114942528736
0.093023255814
0.0823529411765
0.107142857143
0.0963855421687
0.146341463415
0.172839506173
0.0875
0.101265822785
0.115384615385
0.103896103896
0.0921052631579
0.146666666667
0.0810810810811
0.123287671233
0.125
0.12676056338
0.128571428571
0.101449275362
0.0735294117647
0.149253731343
0.181818181818
0.0769230769231
0.0625
0.0793650793651
0.161290322581
0.131147540984
0.133333333333
0.101694915254
0.120689655172
0.105263157895
0.160714285714
0.0909090909091
0.111111111111
0.0943396226415
0.0961538461538
0.078431372549
0.06
0.0816326530612
0.0833333333333
0.0851063829787
0.108695652174
0.111111111111
0.159090909091
0.162790697674
0.0952380952381
0.146341463415
0.175
0.0769230769231
0.105263157895
0.135135135135
0.194444444444
0.171428571429
0.176470588235
0.181818181818
0.1875
0.0967741935484
0.0666666666667
0.0689655172414
0.142857142857
0.111111111111
0.230769230769
0.12
0.0416666666667
0.0869565217391
0.0454545454545
0.047619047619
0.1
0.105263157895
0.111111111111
0.117647058824
0.125
0.133333333333
0.214285714286
0.153846153846
0.166666666667
0.363636363636
0.3
0.333333333333
0.375
0.142857142857
0.166666666667
0.2
0.25
0.333333333333
0.5
1.0
