0.682432432432
0.700680272109
0.678082191781
0.655172413793
0.618055555556
0.615384615385
0.633802816901
0.63829787234
0.628571428571
0.0719424460432
0.471014492754
0.430656934307
0.382352941176
0.22962962963
0.126865671642
0.436090225564
0.280303030303
0.274809160305
0.0384615384615
0.0697674418605
0.09375
0.0629921259843
0.0634920634921
0.16
0.153225806452
0.138211382114
0.122950819672
0.132231404959
0.125
0.100840336134
0.0932203389831
0.0854700854701
0.155172413793
0.147826086957
0.140350877193
0.12389380531
0.125
0.135135135135
0.145454545455
0.146788990826
0.148148148148
0.0841121495327
0.122641509434
0.114285714286
0.105769230769
0.145631067961
0.127450980392
0.148514851485
0.12
0.141414141414
0.15306122449
0.144329896907
0.145833333333
0.157894736842
0.148936170213
0.161290322581
0.0869565217391
0.0769230769231
0.155555555556
0.14606741573
0.113636363636
0.137931034483
0.116279069767
0.105882352941
0.130952380952
0.120481927711
0.170731707317
0.234567901235
0.1
0.113924050633
0.141025641026
0.155844155844
0.144736842105
0.2
0.148648648649
0.150684931507
0.208333333333
0.169014084507
0.2
0.188405797101
0.117647058824
0.179104477612
0.242424242424
0.107692307692
0.09375
0.126984126984
0.225806451613
0.131147540984
0.15
0.220338983051
0.258620689655
0.228070175439
0.25
0.163636363636
0.259259259259
0.22641509434
0.211538461538
0.176470588235
0.16
0.265306122449
0.25
0.297872340426
0.326086956522
0.288888888889
0.318181818182
0.348837209302
0.309523809524
0.268292682927
0.3
0.230769230769
0.342105263158
0.27027027027
0.305555555556
0.4
0.382352941176
0.363636363636
0.3125
0.322580645161
0.333333333333
0.448275862069
0.464285714286
0.555555555556
0.5
0.36
0.416666666667
0.391304347826
0.409090909091
0.47619047619
0.55
0.578947368421
0.555555555556
0.647058823529
0.75
0.8
0.857142857143
0.846153846154
0.916666666667
1.0
1.0
1.0
1.0
1.0
1.0
1.0
1.0
1.0
1.0
1.0
